5 U R I C G
100
0 1 10
1 0 2 11
2 1 3 12
3 2 4 13
4 3 5 14
5 4 6 15
6 5 7 16
7 6 8 17
8 7 9 18
9 8 19
10 0 11 20
11 10 12 1 21
12 11 13 2 22
13 12 14 3 23
14 13 15 4 24
15 14 16 5 25
16 15 17 6 26
17 16 18 7 27
18 17 19 8 28
19 18 9 29
20 10 21 30
21 20 22 11 31
22 21 23 12 32
23 22 24 13 33
24 23 25 14 34
25 24 26 15 35
26 25 27 16 36
27 26 28 17 37
28 27 29 18 38
29 28 19 39
30 20 31 40
31 30 32 21 41
32 31 33 22 42
33 32 34 23 43
34 33 35 24 44
35 34 36 25 45
36 35 37 26 46
37 36 38 27 47
38 37 39 28 48
39 38 29 49
40 30 41 50
41 40 42 31 51
42 41 43 32 52
43 42 44 33 53
44 43 45 34 54
45 44 46 35 55
46 45 47 36 56
47 46 48 37 57
48 47 49 38 58
49 48 39 59
50 40 51 60
51 50 52 41 61
52 51 53 42 62
53 52 54 43 63
54 53 55 44 64
55 54 56 45 65
56 55 57 46 66
57 56 58 47 67
58 57 59 48 68
59 58 49 69
60 50 61 70
61 60 62 51 71
62 61 63 52 72
63 62 64 53 73
64 63 65 54 74
65 64 66 55 75
66 65 67 56 76
67 66 68 57 77
68 67 69 58 78
69 68 59 79
70 60 71 80
71 70 72 61 81
72 71 73 62 82
73 72 74 63 83
74 73 75 64 84
75 74 76 65 85
76 75 77 66 86
77 76 78 67 87
78 77 79 68 88
79 78 69 89
80 70 81 90
81 80 82 71 91
82 81 83 72 92
83 82 84 73 93
84 83 85 74 94
85 84 86 75 95
86 85 87 76 96
87 86 88 77 97
88 87 89 78 98
89 88 79 99
90 80 91
91 90 92 81
92 91 93 82
93 92 94 83
94 93 95 84
95 94 96 85
96 95 97 86
97 96 98 87
98 97 99 88
99 98 89
100
0 R 1 R G
1 C 1 C I G
2 I 1 I C G
3 G 1 G R C
4 G 1 G R C
5 R 1 R G
6 R 1 R G
7 U 1 U R G I C
8 I 1 I C G
9 I 1 I C G
10 R 1 R G
11 U 1 U R G I C
12 U 1 U R G I C
13 U 1 U R G I C
14 U 1 U R G I C
15 U 1 U R G I C
16 U 1 U R G I C
17 C 1 C I G
18 C 1 C I G
19 C 1 C I G
20 R 1 R G
21 I 1 I C G
22 I 1 I C G
23 U 1 U R G I C
24 U 1 U R G I C
25 I 1 I C G
26 I 1 I C G
27 I 1 I C G
28 R 1 R G
29 R 1 R G
30 U 1 U R G I C
31 R 1 R U G
32 C 1 C I G
33 R 1 R G
34 R 1 R G
35 R 1 R G
36 C 1 C I G
37 G 1 G R C
38 C 1 C I G
39 C 1 C I G
40 U 1 U R G I C
41 G 1 G R C
42 C 1 C I G
43 U 1 U R G I C
44 R 1 R G
45 R 1 R G
46 C 1 C I G
47 G 1 G R C
48 C 1 C I G
49 U 1 U R G I C
50 U 1 U R G I C
51 U 1 U R G I C
52 U 1 U R G I C
53 U 1 U R G I C
54 C 1 C I G
55 R 1 R G
56 C 1 C I G
57 G 1 G R C
58 C 1 C I G
59 C 1 C I G
60 R 1 R G
61 G 1 G R C
62 I 1 I C G
63 G 1 G R C
64 C 1 C I G
65 U 1 U R G I C
66 R 1 R G
67 R 1 R G
68 C 1 C I G
69 C 1 C I G
70 R 1 R G
71 I 1 I C G
72 I 1 I C G
73 G 1 G R C
74 R 1 R G
75 I 1 I C G
76 U 1 U R G I C
77 U 1 U R G I C
78 G 1 G R C
79 R 1 R G
80 R 1 R G
81 G 1 G R C
82 I 1 I C G
83 C 1 C I G
84 I 1 I C G
85 I 1 I C G
86 U 1 U R G I C
87 U 1 U R G I C
88 G 1 G R C
89 R 1 R G
90 R 1 R G
91 G 1 G R C
92 I 1 I C G
93 I 1 I C G
94 U 1 U R G I C
95 U 1 U R G I C
96 U 1 U R G I C
97 G 1 G R C
98 U 1 U R G I C
99 U 1 U R G I C
5
U 500 800 4
R 400 500 4
I 350 450 4
C 350 500 4
G 270 370 4
100
0 R 12
1 C 11
2 I 31
3 G 14
4 G 17
5 R 12
6 R 8
7 U 11
8 I 21
9 I 38
10 R 21
11 U 21
12 U 43
13 U 3
14 U 1
15 U 31
16 U 75
17 C 24
18 C 13
19 C 56
20 R 13
21 I 17
22 I 6
23 U 9
24 U 9
25 I 9
26 I 13
27 I 21
28 R 7
29 R 9
30 U 8
31 R 9
32 C 5
33 R 31
34 R 15
35 R 16
36 C 25
37 G 32
38 C 23
39 C 21
40 U 112
41 G 12
42 C 11
43 U 51
44 R 21
45 R 31
46 C 13
47 G 15
48 C 18
49 U 14
50 U 19
51 U 13
52 U 19
53 U 31
54 C 21
55 R 32
56 C 42
57 G 12
58 C 21
59 C 12
60 R 13
61 G 12
62 I 34
63 G 34
64 C 23
65 U 19
66 R 6
67 R 16
68 C 12
69 C 11
70 R 13
71 I 17
72 I 38
73 G 17
74 R 32
75 I 23
76 U 11
77 U 15
78 G 21
79 R 21
80 R 54
81 G 61
82 I 12
83 C 16
84 I 18
85 I 21
86 U 34
87 U 13
88 G 21
89 R 14
90 R 13
91 G 18
92 I 19
93 I 21
94 U 41
95 U 21
96 U 11
97 G 31
98 U 11
99 U 21
100
0 3 .4 3
1 2 .2 4
2 4 .3 6
3 2 .1 2
4 11 .1 6
5 3 .11 0
6 5 .7 1
7 7 .7 0
8 9 .9 4
9 1 .1 3
10 3 .4 3
11 2 .2 4
12 4 .3 6
13 2 .1 2
14 11 .1 6
15 3 .11 0
16 5 .7 1
17 7 .7 0
18 9 .9 4
19 1 .1 3
20 3 .4 3
21 2 .2 4
22 4 .3 6
23 2 .1 2
24 11 .1 6
25 3 .11 0
26 5 .7 1
27 7 .7 0
28 9 .9 4
29 1 .1 3
30 3 .4 3
31 2 .2 4
32 4 .3 6
33 2 .1 2
34 11 .1 6
35 3 .11 0
36 5 .7 1
37 7 .7 0
38 9 .9 4
39 1 .1 3
40 3 .4 3
41 2 .2 4
42 4 .3 6
43 2 .1 2
44 11 .1 6
45 3 .11 0
46 5 .7 1
47 7 .7 0
48 9 .9 4
49 1 .1 3
50 3 .4 3
51 2 .2 4
52 4 .3 6
53 2 .1 2
54 11 .1 6
55 3 .11 0
56 5 .7 1
57 7 .7 0
58 9 .9 4
59 1 .1 3
60 3 .4 3
61 2 .2 4
62 4 .3 6
63 2 .1 2
64 11 .1 6
65 3 .11 0
66 5 .7 1
67 7 .7 0
68 9 .9 4
69 1 .1 3
70 3 .4 3
71 2 .2 4
72 4 .3 6
73 2 .1 2
74 11 .1 6
75 3 .11 0
76 5 .7 1
77 7 .7 0
78 9 .9 4
79 1 .1 3
80 3 .4 3
81 2 .2 4
82 4 .3 6
83 2 .1 2
84 11 .1 6
85 3 .11 0
86 5 .7 1
87 7 .7 0
88 9 .9 4
89 1 .1 3
90 3 .4 3
91 2 .2 4
92 4 .3 6
93 2 .1 2
94 11 .1 6
95 3 .11 0
96 5 .7 1
97 7 .7 0
98 9 .9 4
99 1 .1 3
1 .8 .2 .3 .6
.8 1 .3 .6 .5
.2 .3 1 .7 .9 
.3 .6 .7 1 .3
.6 .5 .9 .3 1  
1 .8 .2 .3 .6
.8 1 .3 .6 .5
.2 .3 1 .7 .9 
.3 .6 .7 1 .3
.6 .5 .9 .3 1
File Raster rasterex